Precision   Recall    f1-score  support
           A       0.86,      0.95,      0.90,       920,
           B       0.96,      0.93,      0.94,       936,
           C       0.96,      0.97,      0.96,       929,
           D       0.97,      0.91,      0.94,      1008,
           E       0.95,      0.97,      0.96,       918,
           F       0.94,      0.97,      0.95,       934,
           G       0.93,      0.72,      0.81,       968,
           H       0.90,      0.96,      0.93,       968,
           I       0.78,      0.56,      0.65,       994,
           J       0.96,      0.91,      0.93,       965,
           K       0.96,      0.97,      0.96,       962,
           L       0.65,      0.88,      0.75,      1028,
           M       0.98,      0.97,      0.97,       998,
           N       0.97,      0.90,      0.94,       994,
           O       0.97,      0.94,      0.95,       900,
           P       0.95,      0.99,      0.97,       951,
           Q       0.80,      0.88,      0.84,       959,
           R       0.93,      0.93,      0.93,       955,
           S       0.96,      0.98,      0.97,       946,
           T       0.95,      0.95,      0.95,       979,
           U       0.87,      0.96,      0.92,       956,
           V       0.95,      0.91,      0.93,      1009,
           W       0.98,      0.96,      0.97,       942,
           X       0.97,      0.95,      0.96,       935,
           Y       0.94,      0.94,      0.94,       931,
           Z       0.98,      0.98,      0.98,       975,

precision = [0.86, 0.96, 0.96, 0.97, 0.95, 0.94, 0.93, 0.90, 0.78, 0.96, 0.96, 0.65, 0.98, 0.97, 0.97, 0.95, 0.80, 0.93, 0.96, 0.95, 0.87, 0.95, 0.98, 0.97, 0.94, 0.98]

Recall = [0.95, 0.93, 0.97, 0.91, 0.97, 0.97, 0.72, 0.96, 0.56, 0.91, 0.97, 0.88, 0.97, 0.90, 0.94, 0.99, 0.88, 0.93, 0.98, 0.95, 0.96, 0.91, 0.96, 0.95, 0.94, 0.98]

f1-score = [0.90, 0.94, 0.96, 0.94, 0.96, 0.95, 0.81, 0.93, 0.65, 0.93, 0.96, 0.75, 0.97, 0.94, 0.95, 0.97, 0.84, 0.93, 0.97, 0.95, 0.92, 0.93, 0.97, 0.96, 0.94, 0.98]

support = [920, 936, 929, 1008, 918, 934, 968, 968, 994, 965, 962, 1028, 998, 994, 900, 951, 959, 955, 946, 979, 956, 1009, 942, 935, 931, 975]